x <- c(232320,
640361,
640869,
640312,
640548,
640533,
640537,
640328,
641154,
650189,
644342,
644144,
640416,
640992,
687544,
360067,
644163,
644205,
644943,
680255,
644728,
644184,
680195,
685133,
680255,
644943,
650189,
644205,
644144,
640992,
640361,
644342,
687544,
640869,
640312,
360067,
640416,
640533,
641154,
640548,
680195,
687517,
640537,
650260,
621263,
640328,
685228 )
table(x)
unique(680255
644943
unique(680255
644943
unique(x)
t(unique(x))
1688*0.9
1688*0.1
source("~/Documents/GitHub/CS7200/S25/build_site.R")
